316 1
312 1
310 1
246 1
173 1
116 1
86 1
57 1
270 1
209 1
118 1
241 1
236 1
137 1
55 1
355 1
333 1
8 1
263 1
138 1
99 1
361 1
193 1
185 1
168 1
104 1
142 1
162 1
187 1
69 1
314 1
190 2
251 2
238 2
46 2
140 2
115 2
95 2
56 2
327 2
159 2
362 2
119 2
285 2
176 2
13 2
284 2
315 2
379 2
194 2
322 2
197 2
136 2
22 2
313 2
44 2
188 2
239 3
344 3
318 3
348 3
341 3
232 3
165 3
353 3
127 3
58 3
33 3
229 3
105 3
354 3
183 3
380 3
113 3
40 3
107 4
290 4
218 4
132 4
230 4
54 4
205 4
350 4
174 4
161 4
254 4
328 4
68 4
269 4
381 4
357 4
309 4
373 5
37 5
220 5
325 5
224 5
78 5
146 5
300 5
281 5
117 5
61 5
169 5
180 5
2 5
275 5
83 5
277 5
217 5
320 6
17 6
347 6
196 6
42 6
306 6
358 6
286 6
133 6
9 6
156 6
383 6
368 7
369 7
377 7
378 7
366 7
365 7
364 7
367 7
376 7
195 7
382 7
287 8
102 8
299 8
171 8
53 8
139 8
11 8
122 8
108 8
337 8
235 8
59 8
141 8
81 8
85 8
179 9
19 9
319 9
297 9
80 9
3 9
274 9
135 9
100 9
30 9
34 10
201 10
38 10
189 10
163 10
352 10
144 10
64 10
52 10
211 10
255 10
114 10
260 10
96 11
250 11
74 11
234 11
124 11
329 11
261 11
152 11
66 11
326 11
351 11
385 11
221 11
360 11
91 11
111 11
305 11
186 11
6 11
280 11
375 12
243 12
192 12
148 12
363 12
129 12
155 12
167 12
253 12
21 12
14 12
283 12
265 12
237 12
63 12
154 13
130 13
149 13
49 13
262 13
175 13
282 13
276 13
248 13
71 13
157 14
106 14
47 14
219 14
216 14
27 14
346 14
160 14
12 14
150 14
134 14
1 14
339 15
294 15
256 15
331 15
302 15
208 15
50 15
359 15
244 15
35 15
323 15
198 15
177 15
18 15
200 15
97 16
296 16
279 16
87 16
226 16
158 16
76 16
273 16
349 16
212 16
182 16
231 17
121 17
147 17
41 17
245 17
75 17
166 17
101 17
36 17
307 17
291 17
267 18
252 18
70 18
264 18
92 18
84 18
289 18
16 18
170 18
225 18
112 18
67 18
233 19
77 19
295 19
82 19
345 19
343 19
258 19
227 19
164 19
213 19
214 20
45 20
184 20
23 20
288 20
268 20
172 20
94 20
249 20
222 20
308 21
228 21
292 21
202 21
210 21
324 21
7 21
257 21
278 21
272 21
28 22
370 22
128 22
24 22
143 22
5 22
79 23
191 23
203 23
311 23
206 23
51 23
317 23
89 23
90 24
125 24
334 24
336 24
145 24
110 24
65 24
207 24
4 24
298 25
242 25
109 25
98 25
48 25
60 25
335 25
332 25
181 26
32 26
330 26
126 26
25 26
271 26
301 27
178 27
223 27
338 27
204 27
26 27
259 28
247 28
356 28
43 28
342 28
10 28
29 29
340 29
266 29
153 29
131 29
304 30
72 30
151 30
321 30
293 31
374 31
20 31
199 31
62 31
384 32
372 32
371 32
73 33
215 33
15 33
120 33
103 33
93 34
303 34
123 35
39 35
31 35
240 36
88 37
